1.96205270
4.64432812
1.28535485
0.79203391
0.68582296
0.69850808
0.69177103
0.67056668
0.65091580
0.66383755
0.63130319
0.59710538
0.57239377
0.55510968
0.56920171
0.52876359
0.53276420
0.52944726
0.43662083
0.52655464
0.42126644
0.38866934
0.46269515
0.37938929
0.35064566
0.36407450
0.29867080
0.29644892
0.32240149
0.40592444
0.31218797
0.25732043
0.22499211
0.27149040
0.24332492
0.31120569
0.21714552
0.24277772
0.25960237
0.29658699
0.24374445
0.31960979
0.24213232
0.25540721
0.29525733
0.40745541
0.29083866
0.26000717
0.34598789
0.24572223
0.26607233
0.21293795
0.26206809
0.24480253
0.23187701
0.21028700
0.27130821
0.20230635
0.24533859
0.23182517
0.24106100
0.22863859
0.21860996
0.20685832
0.18592565
0.17699888
0.20444804
0.14308484
0.20544979
0.24382630
0.15345305
0.17460854
0.23380300
0.20448686
0.26338130
0.17282693
0.18936157
0.14788528
0.20947677
0.16928053
0.13121212
0.15539135
0.22347617
0.10823998
0.19194017
0.13490719
0.22462454
0.17649770
0.25380322
0.18068358
0.19166115
0.22263598
0.24155015
0.16666225
0.26126501
0.18008454
0.16846344
0.21487719
0.19400533
0.14462098
0.15016098
0.14473516
0.15130833
0.15319900
0.20892589
0.25668317
0.09630740
0.10378511
0.22924650
0.18013754
0.13646412
0.15342075
0.18498620
0.13699539
0.19561769
0.13937186
0.14027832
0.19120222
0.16515289
0.19354638
0.20281741
0.15790489
0.12527259
0.16314010
0.14164416
0.17222309
0.15569437
0.18256941
0.16642155
0.16269046
0.14661242
0.14249143
0.14603591
0.15820102
0.18295309
0.16288257
0.18213357
0.15257894
0.26108220
0.12114234
0.16720681
0.18600096
0.22697663
0.14615563
0.13931213
0.22496410
0.21785173
0.13678034
0.09602022
0.18312298
0.18438326
0.18354146
0.11630382
0.14520770
0.14190841
0.12581588
0.14286795
0.16635269
0.15366997
0.18198937
0.12257764
0.15740258
0.12236121
0.15694898
0.15669140
0.17885059
0.22167376
0.14875969
0.12984858
0.13172379
0.15812156
0.09814411
0.10567345
0.13365203
0.15207717
0.12728289
0.14898273
0.17695534
0.14495443
0.12542439
0.19560693
0.14038235
0.09688990
0.14449155
0.16854747
0.18238947
0.19560228
0.12647258
0.10341228
0.14111489
0.21158490
0.14566074
0.10431718
0.15168166
0.13054593
0.14799935
0.15941265
0.14874385
0.11499445
0.13901323
0.18485390
0.10622355
0.16647424
0.13251559
0.17191158
0.13409440
0.10846810
0.21060267
0.10637768
0.17364028
0.08965670
0.22807406
0.17940788
0.12326968
0.17745212
0.11532748
0.08380746
0.09436211
0.08611087
0.13551050
0.09051973
0.15658087
0.13562790
0.13519581
0.10707942
0.11505788
0.12672411
0.13625337
0.14182246
0.13254054
0.10604620
0.12447650
0.19157058
0.11612651
0.12723246
0.14877878
0.18001632
0.08986841
0.09838978
0.11878292
0.13369496
0.09380635
0.07899044
0.10977387
0.13208622
0.06037143
0.12974349
0.11736263
0.14366156
0.10213824
0.14391586
0.12253166
0.09947130
0.11074448
0.10789973
0.15147234
0.09668490
0.18666045
0.12238628
0.14167461
0.16663571
0.10335048
0.08739211
0.11524493
0.14332858
0.08060360
0.10767392
0.21973585
0.12440845
0.21000153
0.11043727
0.10006543
0.11930699
0.12235855
0.18470308
0.14571665
0.06755759
0.12020776
0.15206048
0.19711541
0.12618195
0.08541705
0.15743551
0.13303621
0.11258868
0.09408653
0.12123803
0.08127548
0.12892039
0.08403397
0.08340284
0.08238403
0.09800088
0.15228301
0.10241032
0.08321793
0.09319285
0.08751345
0.08699650
0.07913481
0.11052445
0.07205115
0.14761688
0.11829667
0.11177150
0.10460642
0.14255485
0.08162547
0.11295191
0.09576348
0.15579610
0.10560977
0.08746247
0.20317128
0.11229848
0.11742028
0.11655968
0.09938416
0.13219351
0.09610907
0.16008641
0.07276095
0.10145222
0.10138334
0.08818132
0.13738742
0.08314278
0.09658708
0.14550622
0.10548817
0.09898756
0.12644945
0.12628019
0.15356182
0.11252558
0.09986396
0.06809150
0.09043625
0.07785603
0.14963415
0.07562017
0.10217609
0.14456725
0.10079858
0.10885311
0.09095033
0.06862399
0.07796272
0.09214180
0.12761524
0.19039987
0.07671227
0.12211499
0.08355702
0.11066707
0.10081811
0.16180363
0.07988382
0.11315935
0.09788287
0.09104106
0.10887041
0.11675496
0.09446864
0.04783711
0.08915499
0.11864778
0.08619354
0.05760114
0.08322056
0.07640974
0.12618755
0.06949072
0.12967189
0.11391055
0.07717658
0.07165457
0.09743124
0.09630133
0.09169238
0.10358933
0.06198154
0.08844241
0.07215400
0.06351428
0.09030874
0.09251878
0.11936467
0.09127299
0.06428521
0.08511766
0.12285727
0.09096902
0.08285936
0.11857601
0.05778093
0.07960611
0.11235746
0.13217965
0.09040687
0.22848541
0.15482673
0.09528916
0.16601917
0.10998771
0.14312404
0.10358422
0.08017467
0.04864857
0.07678495
0.12555419
0.07520226
0.17470920
0.12977678
0.08487272
0.11445085
0.10543557
0.14828044
0.09504416
0.09588867
0.11822197
0.14419495
0.11037900
0.15895420
0.11593346
0.12181751
0.14743946
0.11434957
0.10227233
0.08901002
0.08643124
0.05626345
0.11248703
0.07953842
0.10107268
0.07625942
0.09410933
0.12196793
0.16868597
0.11213718
0.08448281
0.09112644
0.10218105
0.08422370
0.08169430
0.06512439
0.09979562
0.07366161
0.06923284
0.05237188
0.08020809
0.04528872
0.06407091
0.07515100
0.09279681
0.06194031
0.12020164
0.07947595
0.06010628
0.06455518
0.17233810
0.09365109
0.05587716
0.15865707
0.09357417
0.10175008
0.05406199
0.09701845
0.05884769
0.05891073
0.10998631
0.07922915
0.10411692
0.07393379
0.03442103
0.11405315
0.08785257
0.08962737
0.11064076
0.05683440
0.12546557
0.10109184
0.05889231
0.13033058
0.08155006
0.07539890
0.08068237
0.08727212
0.06840174
0.08741648
0.06370409
0.05071761
0.07027147
0.10031008
0.05880478
0.06252427
0.07657596
0.09646734
0.07144309
0.06947383
0.15741956
0.11176129
0.12001836
0.09545778
0.07362015
0.05874386
0.07474850
0.09868105
0.10020855
0.09900658
0.06014008
0.07316959
0.07575523
0.07972690
0.06128742
0.07217476
0.09840988
0.04869714
0.09886907
0.09389849
0.10528401
0.07981949
0.11183809
0.07705911
0.06150291
0.08407633
0.07808780
0.08871099
0.06462426
0.05767978
0.09972474
0.07921861
0.05852316
0.07727916
0.10151514
0.08154996
0.08585487
0.08395480
0.09002361
0.06651417
0.06975526
0.07984554
0.04763776
0.09531205
0.07084622
0.06174917
0.08976761
0.08852825
0.05175176
0.05252750
0.11185899
0.11675146
0.05857845
0.07550892
0.07333740
0.06248402
0.09240168
0.08331017
0.06645305
0.05668705
0.11607072
0.06231431
0.04800371
0.09796925
0.10904619
0.07408801
0.07323183
0.09459506
0.10107768
0.08881695
0.07514432
0.06613206
0.10206304
0.05514779
0.07743412
0.10956960
0.07649618
0.04772076
0.08246459
0.10082302
0.04837638
0.06746682
0.07651722
0.09141239
0.09927283
0.08450014
0.05412759
0.06152014
0.04427086
0.05376226
0.06191504
0.04888120
0.07807983
0.05088649
0.03642140
0.08269003
0.04905159
0.05628753
0.05088838
0.07672579
0.05653730
0.08809004
0.06668809
0.06742243
0.05849088
0.11723319
0.05687281
0.06324535
0.05561872
0.05276840
0.08343475
0.10500225
0.05802063
0.07200430
0.07586920
0.04771135
0.05865796
0.05942518
0.08010012
0.07084565
0.08018281
0.04804295
0.05423235
0.05751492
0.05505505
0.04934727
0.05571764
0.05954166
0.08300626
0.06683668
0.06212642
0.06610154
0.11026666
0.03728190
0.07551409
0.07866673
0.08973803
0.10724831
0.07358468
0.08443835
0.09223825
0.05277582
0.06983001
0.07248084
0.10573544
0.06420008
0.06341051
0.04786954
0.06306215
0.06827573
0.08010592
0.03329391
0.06756725
0.04709439
0.10883602
0.04762149
0.05274610
0.05136864
0.04155060
0.06250957
0.04661359
0.06844272
0.05529906
0.06435028
0.03390383
0.04668252
0.06048320
0.07026747
0.10703335
0.05078883
0.04014460
0.06432265
0.05121668
0.03422720
0.05652303
0.05181104
0.12564594
0.05850223
0.12738022
0.04641749
0.04824054
0.05148751
0.04463444
0.03898484
0.05592946
0.05797859
0.06066106
0.06029079
0.04954978
0.03365269
0.03792398
0.09541395
0.09910265
0.03998438
0.05148255
0.04979895
0.04509918
0.08923187
0.06570128
0.05661350
0.04918451
0.05949805
0.04451794
0.11840995
0.06249153
0.05845573
0.05697915
0.07066767
0.04128533
0.06877110
0.09157816
0.07878394
0.06574331
0.06266353
0.08418189
0.06692386
0.06518932
0.08257271
0.09128810
0.03638702
0.06156023
0.08153892
0.04059906
0.09415156
0.05035295
0.03447968
0.05024546
0.04421588
0.06489880
0.02569369
0.04641876
0.04324627
0.03580127
0.03652828
0.04532591
0.11148561
0.06169636
0.08826427
0.04525286
0.06637460
0.05379742
0.06744897
0.05992397
0.08072773
0.07340303
0.06778522
0.05391956
0.07189143
0.07013687
0.04654624
0.04772004
0.05110450
0.03535052
0.10463047
0.07846435
0.06632151
0.08739316
0.07513661
0.07744901
0.08136544
0.10423367
0.06509028
0.09086572
0.06987817
0.07169721
0.10804141
0.03784478
0.05563623
0.04576334
0.06476863
0.06592924
0.04928641
0.03169454
0.05602271
0.05085482
0.04142539
0.06539106
0.05369836
0.08739976
0.06888473
0.05523974
0.05860771
0.05312508
0.03709004
0.03908096
0.03972558
0.08627304
0.07672341
0.06506459
0.05964174
0.04578199
0.06008997
0.07703988
0.03902189
0.09106732
0.04795408
0.05277160
0.08008518
0.04465618
0.07119558
0.03923007
0.06506197
0.04440852
0.05266281
0.05444002
0.03271301
0.05278034
0.05687365
0.04375806
0.02314889
0.03601770
0.09999531
0.05400291
0.03942876
0.04663579
0.06735370
0.09395572
0.06147642
0.07018887
0.05433040
0.05815632
0.03107215
0.06704803
0.06666116
0.08838630
0.06022286
0.03806391
0.05693011
0.05770084
0.04944638
0.05761045
0.06112616
0.04370527
0.07219864
0.05511827
0.05004827
0.07029902
0.04975333
0.05152980
0.06063807
0.05288838
0.05180498
0.03176881
0.03997872
0.06277501
0.07611123
0.04123480
0.04338792
0.07211490
0.06917968
0.04299012
0.05141362
0.09449487
0.04681352
0.06106019
0.06407946
0.04703564
0.03257093
0.04402513
0.03941425
0.04955260
0.04774226
0.06322479
0.06450280
0.03602275
0.05407144
0.05929969
0.05877535
0.04029540
0.05623446
0.04086787
0.04767739
0.04415734
0.03612247
0.03814632
0.02258095
0.07535823
0.04922246
0.05642527
0.08417042
0.08264431
0.08392996
0.09262501
0.06015990
0.06246515
0.05933131
0.05322299
0.05407730
0.02222528
0.04570154
0.04500896
0.04172310
0.02084481
0.06332924
0.07375431
0.02969594
0.03314970
0.07248550
0.05164156
0.04034410
0.04964286
0.04575239
0.04861302
0.05532409
0.03280063
0.08643651
0.02473302
0.04145157
0.05157524
0.04631724
0.03457626
0.04488946
0.06786004
0.04327055
0.05016050
0.09266514
0.05995468
0.04844113
0.05021534
0.05165229
0.04166212
0.05486180
0.05050841
0.05587260
0.04625146
0.04590697
0.03088605
0.04109574
0.06176260
0.05307561
0.04242075
0.04126573
0.04443642
0.06273971
0.04681764
0.04789448
0.03553108
0.03261994
0.04995522
0.04604928
0.03676357
0.06229956
0.05015667
0.07365078
0.04719910
0.03171341
0.03912016
0.06487004
0.06034618
0.04271036
0.03509476
0.04070813
0.04630286
0.03969064
0.02147324
0.06275760
0.06017794
0.05727271
0.03726665
0.03347738
0.05064476
0.05178767
0.05944281
0.03850011
0.03658808
0.04391273
0.06658412
0.03457594
0.04375304
0.03851559
0.04801049
0.04330831
0.04573003
0.02841617
0.04253966
0.05336518
0.05767029
0.04573389
0.03735153
0.03608521
0.07564848
0.04144579
0.03646349
0.03936885
0.05764927
0.03482752
0.04686478
0.04741619
0.03657598
0.05659970
0.07456784
0.06717219
0.07055697
0.03692295
0.04139685
0.06678054
0.04345430
0.04251247
0.04388349
0.06424426
0.02894564
0.03237725
0.03717423
0.05095131
0.04364367
0.06604310
0.03203158
0.03786642
0.03577728
0.06045479
0.04142560
0.03139352
0.03288693
0.03817076
0.03829661
0.03939347
0.03771944
0.03865299
0.05079925
0.06492703
0.04439623
0.06128822
0.05103863
0.03491170
0.04212262
0.04793467
0.02838926
0.04603106
0.03713819
0.04365232
0.04010893
0.03696383
0.07012152
0.04241462
0.03359084
0.04247732
0.10010689
0.04405413
0.04366601
0.03798092
0.03667616
0.03239645
0.06882087
0.04950412
0.05329752
0.02450149
0.03847510
0.03022101
0.05601677
0.03509779
0.05011873
0.03077899
0.04378863
0.02500450
0.04171246
0.04933412
0.07157431
0.06307730
0.03823429
0.02339722
0.05455507
0.04926661
0.03040247
0.02987514
0.02404081
0.02946534
0.03430294
0.04742014
0.02889611
0.03096112
0.02473933
0.05776253
0.03614696
0.04610046
0.03183048
0.02970809
0.04004490
0.04739104
0.04437153
0.04735563
0.02689443
0.02572984
0.02994529
0.04566461
0.04472246
0.04583701
0.02614667
0.03270435
0.03010665
0.03602324
0.04847838
0.03711623
0.05395088
0.03413018
0.03604398
0.04862470
0.04745306
0.02268009
0.03883882
0.10711278
0.02129911
0.03018322
0.04972366
0.03742144
0.06619350
0.03529942
0.05348597
0.09816077
0.03944939
0.06502125
0.04916506
0.05915486
0.05933857
0.09953672
0.05310178
0.03467072
0.01950508
0.03939057
0.08790097
0.06759111
0.07080904
0.04211371
0.10479613
0.05783949
0.04284976
0.04021557
0.05349957
0.05201973
0.08334672
0.02816751
0.03434735
0.07341083
0.04181297
0.04723254
0.04650521
0.05307630
0.05504587
0.04925818
0.05113902
0.05835020
0.04149894
0.05534323
0.06706045
0.05755491
0.04912271
0.04033385
0.06598372
0.05075968
0.06467119
0.08087035
0.04998600
0.10396294
0.03751570
0.04544691
0.06288476
0.08255837
0.03205273
0.06866205
0.06547160
0.09198513
0.03957496
0.02948445
0.04777128
0.05956011
0.05157112
0.03210275
0.03239945
0.03182314
0.03716894
0.06127521
0.08805817
0.04017493
0.06934686
0.06308202
0.04382055
0.05384158
0.05529227
0.07700725
0.03399983
0.03535347
0.08107408
0.05801489
0.01852898
0.04282137
0.10632907
0.04669779
0.05061211
0.04451040
0.04921610
0.05675450
0.05141119
0.04239162
0.05138855
0.06162727
0.04712847
0.02657599
0.03745893
0.04927175
0.04492228
0.11076817
0.05420283
0.06593566
0.05150884
0.03904866
0.06976412
0.09008157
0.06022415
0.04254185
0.03062288
0.05023208
0.05308108
0.08017761
0.06466544
0.03227989
0.07789221
0.07202575
0.04196149
0.07306775
0.03386371
0.07311609
0.04560596
0.03784547
0.04837327
0.03345389
0.04933476
0.04693662
0.05761316
0.06118025
0.06399895
0.03662166
0.03613653
0.04999274
0.02489543
0.03467910
0.08112758
0.04542985
0.05209042
0.04287090
0.02673558
0.07417614
0.01840745
0.05935799
0.03427533
0.03897230
0.03293186
0.04154921
0.03695015
0.04843891
0.04772387
0.06808766
0.03723889
0.04854832
0.03374122
0.02614688
0.04077645
0.03809356
0.06839572
0.04714580
0.06619503
0.07990224
0.05311615
0.03626368
0.04205086
0.07656524
0.06576838
0.05983591
0.06036467
0.04090368
0.03023352
0.03564218
0.03834529
0.04205488
0.10586976
0.02992501
0.06828830
0.04026438
0.06641936
0.06367658
0.06471743
0.05196653
0.04456613
0.03491269
0.04758884
0.02843028
0.05323488
0.05539285
0.03011756
0.03702258
0.05011294
0.05890181
0.03192905
0.07765743
0.03226038
0.05345578
0.03575748
0.03869595
0.06537104
0.03844425
0.04069094
0.07422861
0.03826934
0.03727677
0.04276022
0.05100248
0.03683808
0.03804898
0.04359225
0.03991253
0.02469923
0.06855117
0.03878921
0.03863757
0.04961461
0.05052893
0.03239509
0.04500747
0.03264515
0.03334892
0.03491886
0.04077859
0.03048851
0.03378964
0.02222134
0.01804502
0.02975144
0.06560072
0.03670942
0.03385398
0.03090005
0.03809544
0.03935151
0.04003637
0.04417157
0.02961386
0.03959908
0.03907220
0.04313222
0.02171185
0.03753667
0.04483662
0.02286535
0.05980531
0.05178837
0.03459358
0.03745168
0.03768215
0.04605047
0.02899169
0.03445667
0.03044022
0.03472468
0.05768756
0.06164018
0.02825602
0.03544238
0.02948389
0.05215298
0.03995294
0.05404086
0.03731528
0.03531211
0.04820863
0.03504803
0.02574820
0.04057607
0.03623509
0.05241368
0.04684683
0.02859616
0.02353501
0.02648052
0.03717701
0.02959955
0.03235088
0.03253386
0.04954261
0.02347704
0.03991563
0.03197907
0.03169391
0.05145748
0.02305388
0.02793341
0.06144119
0.02614657
0.06734802
0.03582522
0.04676277
0.03171186
0.03728677
0.03577166
0.02403746
0.04630108
0.03235685
0.03806916
0.02474368
0.02026210
0.04425665
0.02750259
0.04454058
0.03129449
0.03313469
0.03398724
0.02196621
0.01968687
0.02483745
0.03137408
0.02629634
0.04337235
0.02858100
0.03554526
0.04133469
0.03911421
0.03478600
0.03625170
0.03790217
0.04049129
0.03103002
0.05447621
0.02190359
0.03119530
0.04769030
0.02802579
0.02903714
0.02946329
0.02226237
0.03369803
0.03562028
0.02454448
0.02800331
0.02159158
0.02818727
0.02692508
0.04040095
0.02536586
0.03940434
0.03505994
0.04146550
0.03717320
0.05321951
0.03675808
0.02365882
0.06304014
0.04972259
0.05183588
0.04041934
0.04311610
0.05125769
0.03087700
0.04116248
0.02258467
0.03077034
0.04256844
0.03073722
0.04794657
0.02261290
0.04987318
0.04389144
0.03162042
0.01296568
0.03197963
0.03078058
0.02840913
0.03286107
0.03346558
0.03163893
0.03106403
0.02381956
0.03622042
0.02737798
0.02163755
0.02671003
0.03782574
0.03446167
0.04416906
0.04984017
0.03940067
0.03449463
0.03441289
0.02779901
0.03676473
0.04128731
0.05892891
0.02380132
0.04431593
0.02618921
0.03354345
0.03204843
0.02808414
0.04094866
0.05233887
0.06308714
0.02511697
0.03280343
0.03501340
0.04305732
0.06608719
0.02249756
0.03788137
0.01533596
0.04690704
0.02837230
0.03944526
0.02726816
0.04210812
0.02771321
0.02307636
0.02907268
0.03126526
0.02647923
0.02992978
0.03397541
0.02506623
0.03866857
0.01956690
0.03845377
0.02908214
0.04120434
0.02606780
0.03933582
0.03943932
0.03169638
0.01885592
0.01379788
0.03294712
0.02828304
0.02084710
0.02758873
0.04487522
0.04778900
0.03254098
0.02989544
0.01797996
0.03300235
0.02529202
0.02797767
0.03616413
0.02193625
0.03537484
0.03171999
0.01604019
0.02131626
0.03067499
0.03043891
0.01604429
0.04277751
0.03127815
0.02407430
0.03020960
0.04087683
0.04192027
0.02577051
0.02182819
0.02622861
0.02506801
0.03220108
0.02702638
0.02753799
0.04941878
0.04312605
0.03613867
0.04932494
0.02515443
0.02128752
0.04768654
0.04742470
0.02587096
0.03747401
0.05367802
0.02639903
0.10049356
0.04703171
0.07113580
0.04936884
0.05723621
0.05441580
0.06266697
0.09418515
0.03941897
0.06790874
0.05238375
0.07011842
0.04573373
0.05753563
0.04497034
0.04074343
0.04563680
0.03394545
0.05850286
0.04325535
0.04608532
0.04622419
0.06115807
0.06990152
0.05535657
0.06124670
0.02687778
0.04992141
0.04966070
0.06480678
0.03401021
0.03762315
0.03369650
0.03053626
0.03442979
0.02566765
0.04861075
0.02952472
0.02753188
0.03392881
0.05591289
0.04152984
0.03173091
0.04476305
0.03426793
0.04482134
0.03391268
0.03718902
0.03479503
0.05419974
0.03328321
0.02709762
0.06094441
0.03277570
0.03430745
0.02133396
0.04928569
0.03111078
0.03221211
0.03430466
0.03207476
0.12449370
0.04221976
0.03998530
0.10026458
0.09782860
0.03793808
0.07200748
0.04554277
0.05672533
0.06495201
0.04589793
0.14949855
0.12119306
0.05166331
0.05051310
0.09274415
0.04229957
0.07053418
0.04766015
0.08483347
0.03557210
0.07288741
0.22559275
0.08287429
0.16813423
0.07233032
0.09803696
0.06376199
0.07496092
0.10677689
0.07716325
0.10206845
0.13582645
0.06978337
0.07522743
0.05840182
0.11967243
0.08207244
0.11407706
0.17018929
0.15032838
0.07272743
0.11358462
0.14692913
0.23439723
0.12635122
0.13326445
0.11905354
0.09073764
0.13296631
0.07502005
0.17004842
0.10912210
0.14572345
0.05209256
0.09505669
0.06866413
0.09264927
0.07321172
0.08009613
0.07442362
0.10436530
0.06490485
0.03852348
0.05567918
0.07757303
0.06903142
0.10437474
0.06789514
0.08749564
0.05314264
0.04591149
0.04750262
0.08051358
0.05459142
0.06490013
0.03282683
0.08647522
0.04238024
0.05565235
0.06323217
0.06267779
0.07584406
0.04023630
0.05574154
0.05705945
0.04350583
0.05202961
0.05217968
0.11074995
0.03304957
0.04174905
0.04738353
0.04609051
0.05706934
0.06097556
0.03779417
0.04884705
0.04442115
0.03437262
0.05894183
0.05007320
0.05514478
0.06997500
0.04592669
0.06421565
0.03949648
0.04776986
0.04333766
0.04076801
0.05613789
0.07189613
0.03389801
0.05402120
0.02441502
0.04274031
0.03719898
0.04075941
0.04285763
0.03732475
0.02421973
0.05801969
0.05504967
0.03001254
0.03649784
0.03492396
0.02213679
0.02899572
0.06064077
0.03079281
0.02832428
0.02759066
0.04172899
0.12147706
0.02578797
0.02453412
0.04940036
0.08463794
0.03592293
0.06959382
0.05844167
0.04049943
0.04306351
0.06213702
0.02874305
0.03836760
0.04294930
0.03856310
0.03497464
0.03061216
0.05549351
0.03176554
0.05039652
0.02847211
0.03215375
0.03116944
0.03247504
0.03511357
0.02759889
0.04001980
0.03742804
0.06179584
0.04501662
0.04594737
0.02710328
0.02693335
0.05125171
0.05163795
0.04043341
0.05928131
0.04099069
0.04197741
0.06560767
0.02411197
0.03621611
0.04798990
0.07646899
0.03550550
0.04705524
0.03681599
0.06523211
0.04743938
0.06507950
0.05638521
0.06777008
0.04744954
0.03247842
0.03008119
0.02678552
0.05699160
0.07380816
0.08320823
0.02525744
0.06063199
0.09790999
0.05161037
0.02847145
0.01765476
0.05264000
0.02900735
0.04447864
0.06142624
0.06285907
0.03103530
0.06860714
0.04326792
0.04232713
0.04126563
0.03440893
0.09685154
0.04130412
0.04177564
0.03937134
0.04988486
0.02854677
0.04692904
0.04100940
0.03867988
0.04003084
0.07926436
0.03364591
0.03092872
0.05949310
0.04627405
0.04688162
0.03728501
0.03399803
0.03780636
0.04005004
0.04412823
0.07430971
0.03823090
0.04180711
0.03802172
0.03472639
0.04921260
0.02490721
0.04171237
0.02811593
0.04697143
0.04070389
0.03796349
0.03104503
0.03593224
0.05939029
0.06130464
0.02836736
0.03227639
0.06035137
0.02302365
0.05887565
0.02381884
0.03565484
0.04454718
0.04264566
0.03891372
0.03637467
0.04267507
0.03812362
0.03539082
0.03444403
0.04779980
0.03465100
0.05191500
0.06163505
0.02909336
0.01172249
0.03810850
0.02998396
0.02473355
0.04684791
0.03368672
0.03177466
0.02774601
0.03589610
0.02252754
0.02445780
0.02844545
0.04827768
0.03323162
0.03835545
0.02788231
0.02318611
0.02652105
0.03693304
0.02448013
0.03818415
0.03140967
0.01765583
0.04418917
0.03364255
0.03433665
0.02234152
0.03235614
0.05782705
0.02621286
0.03295290
0.03676515
0.02783823
0.04193668
0.04021631
0.02431095
0.02434565
0.02445660
0.03863465
0.03368997
0.04732905
0.05206844
0.02693067
0.04424813
0.01672450
0.04264750
0.03436280
0.04429110
0.05939392
0.03065179
0.04386284
0.03310590
0.03916891
0.03051209
0.04337422
0.03115109
0.03494907
0.05132419
0.03832414
0.02241670
0.02622389
0.03009690
0.03217703
0.03028050
0.03151536
0.01713916
0.02142005
0.03607685
0.03550011
0.02128995
0.03987370
0.04075205
0.01957644
0.00986335
0.01557949
0.03528008
0.03046045
0.01869886
0.04420265
0.03370510
0.02044761
0.01801643
0.02322335
0.02470344
0.02835296
0.01612177
0.03959298
0.03041090
0.02996459
0.02689532
0.02343228
0.02061461
0.03207523
0.02501300
0.04141361
0.02302131
0.03642666
0.02570391
0.01586029
0.02986218
0.03292695
0.02948509
0.02704637
0.03880554
0.01795720
0.03265814
0.03359101
0.03345606
0.03575962
0.04297362
0.03785968
0.01543036
0.02692216
0.02711411
0.03303342
0.04577858
0.03423289
0.06234445
0.02132652
0.02640990
0.02922973
0.01575838
0.02063264
0.02871428
0.02783313
0.02389326
0.05427474
0.01629243
0.04136828
0.02650716
0.02422651
0.03002070
0.02358773
0.04782620
0.04057337
0.01735656
0.02433296
0.02772874
0.03312227
0.02638132
0.02581947
0.02324718
0.03706691
0.02518869
0.03731731
0.03745707
0.06632344
0.02248088
0.01971649
0.03007276
0.02771755
0.03177961
0.03680565
0.04967914
0.02668236
0.03113550
0.02169897
0.03028621
0.03341075
0.01922556
0.02635377
0.02347408
0.02887581
0.04556401
0.02734078
0.02095865
0.03828637
0.01715964
0.03326104
0.03336503
0.03807595
0.04498961
0.04137945
0.02327932
0.02224975
0.02885864
0.02413087
0.02655789
0.03721612
0.05685449
0.02344049
0.02446682
0.03445699
0.02564135
0.03073094
0.02716281
0.02705150
0.03419849
0.02294143
0.03346699
0.03126242
0.03555580
0.03602117
0.02906978
0.02335737
0.01945502
0.03043928
0.02861283
0.03116669
0.03636361
0.03502709
0.02629153
0.01719595
0.03695369
0.02245624
0.02698029
0.02070078
0.03952600
0.02014314
0.02158580
0.02614016
0.03724143
0.02644978
0.02496373
0.03315929
0.03158606
0.02668406
0.02962725
0.03087961
0.03055554
0.01577384
0.03473653
0.04222679
0.03953163
0.02894404
0.02181995
0.02014340
0.02883507
0.02504691
0.01854341
0.02839503
0.02781995
0.01863366
0.02537599
0.01680540
0.02280210
0.02363417
0.02774768
0.03332282
0.02183732
0.02952690
0.02468235
0.03773973
0.02637260
0.02929651
0.01773231
0.02553482
0.02356021
0.03262408
0.02282122
0.02561469
0.01847692
0.04040682
0.04113127
0.03344233
0.02740674
0.03710265
0.02836362
0.02300763
0.03895355
0.02640907
0.02329119
0.02804592
0.03681006
0.02628168
0.02307958
0.02090036
0.02516603
0.03103853
0.02080693
0.02663996
0.03622786
0.05284327
0.02123466
0.02341022
0.03682825
0.02003730
0.03696863
0.04200838
0.02842201
0.03926163
0.02658475
0.04127841
0.02962148
0.02844620
0.02663459
0.02698843
0.01960071
0.02476702
0.02904554
0.01727697
0.02881455
0.01467263
0.02573544
0.01694546
0.01927060
0.03366766
0.02835321
0.02064981
0.04448841
0.01938055
0.02668370
0.03796883
0.02318057
0.03887381
0.02412568
0.03748977
0.02172367
0.01859865
0.01757383
0.02995797
0.01279080
0.03161792
0.03167653
0.01862415
0.02482248
0.01706288
0.03483031
0.03078980
0.03272755
0.03869828
0.01669027
0.01809271
0.03037834
0.02355713
0.02332537
0.02135033
0.02309504
0.03545352
0.02443640
0.01520831
0.02452172
0.01857213
0.02992553
0.02500814
0.02082570
0.03190384
0.03483438
0.02294183
0.02034022
0.03333540
0.03393016
0.03661259
0.02778926
0.02711337
0.02903727
0.02066956
0.03371680
0.02833712
0.01854072
0.02524302
0.03481885
0.03061779
0.02067368
0.02488025
0.03042803
0.02578025
0.01834344
0.01966566
0.02925351
0.03369690
0.02335477
0.02168239
0.02900905
0.02578265
0.02739202
0.03192528
0.03198702
0.02599997
0.02020118
0.03156434
0.03411332
0.01872641
0.02519096
0.03139267
0.01936150
0.02321519
0.02787331
0.03068672
0.02554759
0.01566735
0.02722238
0.02544858
0.02033892
0.02366707
0.02622047
0.02708561
0.02568158
0.02383665
0.02236811
0.02628702
0.02316754
0.02149625
0.03047391
0.02683192
0.01980644
0.01800783
0.02060466
0.03229235
0.02288357
0.02868558
0.03995427
0.02193922
0.02986266
0.02457600
0.02247456
0.03009919
0.01518449
0.02338216
0.03207982
0.02284903
0.01237640
0.01680326
0.02766080
0.03084806
0.02510908
0.02453751
0.02371730
0.01458474
0.01928652
0.02374261
0.02312020
0.02068380
0.01639915
0.01667183
0.03121922
0.02695183
0.02850465
0.03070073
0.02765110
0.02605638
0.03505063
0.03171417
0.01844280
0.02423578
0.02637718
0.02578149
0.03513197
0.01622927
0.02418637
0.02314245
0.03274675
0.02072555
0.01274009
0.02275307
0.03334286
0.02266127
0.03776287
0.02319021
0.02533778
0.01960055
0.02181460
0.01710145
0.02579270
0.02848769
0.02921419
0.01928671
0.02178619
0.03373390
0.02044496
0.02688576
0.02231701
0.02257956
0.02491322
0.02615917
0.02099959
0.03439984
0.02881018
0.03633248
0.01829483
0.01849458
0.02746901
0.02615066
0.01807363
0.02614536
0.02640310
0.03135644
0.02085721
0.02417926
0.01642495
0.01482884
0.02823347
0.03456710
0.02546961
0.01922701
0.02425349
0.01715186
0.02171663
0.02185081
0.03141008
0.02560796
0.02230149
0.01885218
0.02196028
0.02577048
0.01560458
0.03053634
0.02902659
0.02533869
0.02702990
0.02957742
0.03504731
0.02179749
0.01821373
0.02134625
0.01732356
0.02364279
0.02804317
0.02829654
0.02499221
0.02043681
0.02889884
0.02662989
0.02354211
0.03069100
0.01798313
0.01589734
0.02307919
0.03590811
0.01708081
0.01503505
0.01642472
0.03256745
0.02258069
0.01649390
0.01564255
0.01798201
0.02697111
0.03613969
0.02134895
0.02556091
0.02182244
0.01748154
0.01859689
0.03385758
0.02572779
0.02001650
0.02339562
0.02523030
0.02750321
0.02251640
0.03275462
0.02312562
0.03066148
0.02134340
0.02061161
0.01634358
0.01391064
0.03388656
0.02640067
0.02126096
0.02365639
0.02496452
0.02632932
0.03436793
0.02645998
0.02513432
0.02518798
0.02399453
0.02805624
0.03067835
0.02636738
0.02207187
0.02331903
0.03218695
0.01687376
0.02294346
0.02521973
0.02048104
0.01550206
0.02658367
0.01850100
0.02763520
0.02848764
0.03396029
0.01858063
0.01228248
0.02537403
0.01681693
0.02246796
0.02136493
0.03273829
0.02428866
0.02774366
0.02008002
0.01536764
0.02622910
0.02574757
0.02174940
0.02081943
0.02506714
0.01346650
0.02114613
0.01344805
0.01753628
0.01334391
0.02246932
0.02470543
0.02806845
0.02293831
0.02056043
0.02059336
0.02466534
0.02413794
0.01339139
0.02107180
0.02080934
0.02054052
0.03399035
0.02360741
0.02336608
0.01115681
0.02032289
0.02105195
0.01914629
0.02963863
0.02657088
0.01992342
0.02289423
0.01683683
0.02012609
0.01635235
0.01905488
0.02125304
0.02126415
0.02187648
0.01586855
0.02522818
0.03105882
0.01734769
0.02760663
0.01426600
0.02482550
0.01635585
0.02584750
0.02759722
0.02261960
0.02308860
0.04453576
0.02400464
0.02127236
0.02235085
0.01810738
0.01811178
0.02730278
0.03198645
0.01886416
0.02105260
0.01989630
0.02504628
0.02426643
0.02593300
0.03301745
0.03145663
0.02520687
0.02235026
0.02057219
0.02069580
0.00870711
0.02141429
0.02309279
0.01980602
0.01832022
0.01879487
0.02034512
0.01316150
0.02658062
0.02950382
0.02075016
0.01654813
0.02773883
0.01153093
0.01533276
0.02188439
0.01806393
0.02730741
0.01576976
0.02840728
0.01457843
0.02535304
0.01823451
0.01973185
0.01958960
0.01334169
0.02526241
0.02547305
0.02641910
0.02877147
0.02319627
0.02011888
0.02052322
0.02667157
0.03346862
0.02070963
0.02395150
0.02049638
0.01802791
0.01621629
0.01807312
0.01639584
0.01495186
0.02119471
0.03130534
0.02590636
0.02847667
0.03030092
0.01216698
0.01923497
0.01406224
0.02497256
0.01099016
0.02938718
0.01576060
0.01330701
0.01691641
0.03217766
0.03609797
0.01734709
0.02115198
0.02009821
0.02156522
0.02421038
0.03225534
0.01810374
0.02296520
0.02762907
0.02638106
0.02907642
0.01804477
0.03446826
0.03080419
0.01894399
0.02298610
0.02034777
0.02711869
0.02269495
0.02966051
0.02781797
0.01880414
0.03001661
0.01397338
0.02193242
0.01934069
0.01963761
0.01974488
0.01702688
0.02581793
0.02959019
0.02035548
0.01785674
0.01464759
0.02174542
0.03169243
0.01854460
0.02390323
0.01479329
0.01988072
0.03141228
0.01152399
0.02288186
0.02960216
0.02205969
0.01873981
0.02141305
0.01779801
0.01667335
0.01838703
0.02328262
0.01683311
0.02014436
0.01559866
0.01858089
0.01065938
0.01988039
0.02231412
0.01751575
0.01904481
0.02689503
0.01752849
0.02480580
0.02590372
0.02368244
0.02502884
0.02327085
0.01796272
0.02866045
0.02249323
0.02165541
0.02297565
0.02398572
0.02916773
0.02813365
0.01677359
0.01207326
0.02901326
0.02797651
0.01383152
0.01389752
0.01542811
0.03301809
0.01953860
0.02179415
0.02566702
0.02315214
0.02048969
0.01811886
0.02218013
0.02150012
0.02197830
0.01466486
0.01615483
0.01200851
0.03124585
0.02847264
0.02211829
0.02342679
0.01438124
0.02388226
0.01950330
0.02302895
0.02994100
0.01966964
0.01922789
0.01548974
0.01482659
0.02487846
0.02460970
0.02099656
0.02305560
0.02529115
0.01842378
0.02043857
0.01789545
0.02085399
0.01500120
0.02095106
0.02070318
0.02160502
0.01661571
0.01888577
0.01451164
0.01394067
0.02027118
0.02266656
0.02353072
0.01815339
0.02199005
0.02021770
0.02076139
0.02110447
0.02647381
0.02036674
0.01962269
0.02285546
0.01537675
0.02697349
0.02082012
0.01509930
0.01816271
0.02363305
0.01729291
0.02273273
0.01766873
0.02581040
0.01957312
0.03462759
0.01838211
0.02304600
0.01477171
0.01745298
0.01824024
0.01983992
0.01301390
0.02417262
0.02096898
0.01978558
0.03535225
0.02709932
0.02261415
0.01556084
0.02086168
0.02477976
0.02335289
0.01412877
0.01801403
0.01792917
0.02241838
0.01208620
0.01968600
0.01626722
0.02863221
0.01869276
0.02046649
0.01706982
0.01536138
0.02090432
0.01527066
0.01458101
0.01555399
0.02112156
0.01529533
0.02845384
0.00959021
0.02318627
0.01814299
0.02741288
0.02171577
0.02308075
0.01334872
0.01435864
0.01941475
0.01627460
0.01238280
0.01495414
0.02356125
0.01568770
0.01708157
0.01954691
0.02930023
0.02774495
0.01704479
0.02547581
0.02225718
0.02448259
0.01877782
0.01458065
0.01987780
0.01368051
0.02044540
0.01977420
0.01929458
0.02380278
0.01459658
0.02955843
0.02640299
0.01594592
0.02273554
0.01667390
0.01620118
0.02067538
0.02786548
0.01920018
0.01907868
0.01700907
0.01951147
0.02864997
0.01595954
0.02379540
0.01944030
0.00847418
0.02254993
0.01403788
0.01709388
0.01857724
0.01835530
0.01924827
0.01121491
0.02121274
0.01719696
0.01931474
0.01637384
0.02057511
0.02680538
0.02003820
0.02345279
0.01299002
0.02495318
0.01953026
0.01740630
0.01955598
0.01874344
0.02231054
0.02075708
0.01828067
0.02127498
0.01676252
0.01447684
0.01493941
0.01560362
0.02225674
0.02273584
0.01297140
0.01265752
0.01785936
0.02570368
0.01424673
0.01583489
0.02545851
0.01774618
0.01857902
0.01552513
0.02333372
0.01646514
0.02332748
0.01846230
0.01689002
0.02286506
0.02243897
0.01693899
0.01500782
0.02937876
0.01595259
0.01884767
0.02256541
0.02387387
0.01902946
0.01388817
0.02178363
0.01745069
0.01208968
0.01271615
0.02099970
0.01901788
0.02871316
0.01894280
0.01962730
0.02635699
0.01700365
0.01625920
0.01354158
0.01679880
0.02297163
0.03333869
